100
1 50 20
2 100 81
3 54 94
4 35 48
5 90 44
6 21 53
7 6 40
8 44 61
9 83 35
10 77 11
11 50 14
12 67 30
13 84 29
14 51 70
15 88 19
16 62 64
17 57 44
18 95 82
19 22 35
20 57 24
21 27 64
22 2 37
23 87 53
24 62 51
25 37 91
26 11 56
27 14 32
28 3 6
29 65 54
30 57 54
31 74 67
32 54 82
33 48 55
34 7 12
35 35 60
36 26 43
37 81 26
38 81 7
39 30 98
40 88 42
41 3 16
42 84 28
43 69 73
44 70 61
45 18 68
46 92 37
47 28 67
48 5 7
49 55 34
50 9 82
51 67 99
52 20 51
53 0 47
54 75 51
55 57 11
56 45 62
57 70 74
58 54 15
59 58 98
60 56 53
61 75 78
62 35 38
63 71 55
64 41 46
65 48 71
66 41 62
67 73 45
68 70 72
69 93 36
70 19 67
71 90 36
72 67 95
73 18 57
74 30 15
75 75 15
76 7 25
77 54 27
78 63 42
79 81 5
80 64 89
81 12 60
82 51 57
83 84 64
84 7 75
85 22 62
86 0 72
87 37 92
88 41 36
89 48 42
90 74 84
91 79 94
92 22 85
93 94 25
94 78 92
95 70 62
96 27 42
97 37 83
98 56 10
99 70 6
100 32 35
