100
1 64 47
2 5 78
3 9 73
4 59 25
5 72 35
6 53 66
7 69 64
8 21 99
9 12 56
10 61 97
11 76 80
12 44 25
13 96 72
14 66 3
15 30 94
16 84 11
17 96 58
18 96 39
19 26 38
20 52 59
21 28 26
22 5 51
23 74 69
24 85 30
25 3 100
26 99 36
27 52 10
28 4 22
29 88 60
30 85 30
31 29 96
32 46 48
33 8 31
34 35 32
35 1 63
36 77 61
37 63 59
38 33 89
39 21 43
40 18 67
41 43 9
42 98 17
43 16 25
44 28 32
45 1 17
46 40 78
47 39 62
48 49 73
49 17 96
50 54 94
51 29 2
52 68 78
53 82 36
54 10 50
55 58 51
56 57 28
57 25 5
58 41 58
59 22 69
60 73 52
61 94 22
62 83 15
63 71 61
64 80 29
65 97 56
66 76 100
67 60 31
68 30 93
69 2 23
70 4 43
71 89 30
72 60 27
73 89 17
74 29 85
75 59 2
76 29 96
77 66 42
78 85 84
79 96 73
80 58 39
81 94 41
82 57 80
83 11 48
84 59 39
85 73 42
86 42 62
87 55 7
88 94 10
89 58 1
90 77 78
91 59 29
92 42 17
93 51 25
94 16 53
95 57 99
96 16 14
97 7 11
98 28 13
99 44 27
100 50 39
