100
1 12 90
2 87 16
3 41 12
4 81 82
5 74 30
6 14 79
7 77 30
8 57 67
9 16 26
10 19 68
11 2 44
12 34 45
13 10 19
14 31 95
15 74 22
16 89 92
17 57 69
18 22 42
19 63 35
20 62 95
21 47 27
22 43 14
23 30 3
24 78 67
25 82 82
26 27 51
27 53 67
28 69 4
29 58 79
30 9 41
31 68 44
32 28 66
33 16 64
34 41 34
35 68 84
36 53 23
37 14 31
38 20 29
39 6 2
40 7 50
41 28 87
42 50 67
43 74 91
44 47 66
45 68 17
46 25 79
47 61 74
48 42 20
49 100 5
50 11 44
51 47 34
52 35 18
53 5 25
54 90 17
55 71 81
56 99 73
57 98 22
58 70 25
59 93 76
60 47 18
61 57 6
62 92 9
63 76 69
64 14 81
65 79 71
66 61 40
67 74 85
68 48 41
69 81 52
70 75 70
71 50 25
72 6 17
73 84 50
74 73 78
75 84 16
76 6 3
77 45 5
78 83 89
79 16 80
80 48 57
81 66 45
82 64 79
83 35 97
84 21 19
85 11 94
86 0 81
87 6 47
88 52 73
89 89 91
90 41 25
91 91 38
92 21 27
93 26 9
94 49 28
95 97 17
96 95 71
97 47 59
98 9 30
99 6 44
100 29 51
