100
1 7 95
2 1 75
3 11 69
4 66 46
5 88 23
6 64 34
7 59 90
8 95 6
9 94 16
10 35 87
11 16 99
12 54 83
13 65 60
14 53 91
15 49 60
16 61 73
17 12 10
18 86 51
19 26 7
20 78 47
21 84 33
22 38 53
23 72 21
24 26 8
25 64 1
26 39 60
27 68 4
28 69 59
29 68 42
30 43 61
31 27 1
32 58 35
33 50 100
34 73 31
35 64 56
36 79 5
37 36 86
38 16 21
39 50 64
40 16 51
41 0 13
42 93 34
43 19 47
44 40 4
45 37 48
46 61 17
47 93 26
48 48 29
49 2 71
50 14 63
51 52 27
52 23 29
53 45 20
54 91 71
55 97 68
56 41 29
57 83 32
58 30 42
59 44 43
60 40 44
61 49 89
62 30 16
63 95 63
64 83 24
65 87 25
66 13 44
67 28 65
68 23 40
69 50 64
70 95 15
71 14 68
72 43 56
73 31 35
74 36 45
75 63 10
76 27 90
77 4 81
78 48 26
79 28 7
80 84 79
81 57 57
82 33 25
83 23 68
84 89 22
85 86 92
86 69 43
87 92 47
88 74 5
89 44 95
90 89 46
91 14 60
92 75 98
93 76 3
94 25 23
95 63 27
96 77 10
97 99 52
98 58 37
99 12 84
100 4 34
