100
1 5 2
2 83 38
3 79 52
4 67 61
5 89 37
6 20 87
7 74 94
8 45 39
9 69 51
10 7 74
11 45 84
12 13 94
13 100 31
14 66 100
15 65 45
16 85 9
17 42 96
18 85 41
19 61 0
20 70 58
21 59 75
22 39 49
23 76 35
24 87 20
25 40 6
26 89 86
27 0 85
28 28 21
29 85 4
30 30 89
31 55 62
32 34 29
33 44 17
34 43 6
35 93 26
36 50 27
37 82 80
38 40 42
39 55 4
40 89 10
41 81 100
42 16 37
43 68 20
44 46 81
45 36 64
46 26 15
47 46 94
48 100 23
49 3 76
50 18 36
51 46 32
52 47 26
53 31 99
54 92 54
55 33 12
56 64 62
57 63 85
58 86 64
59 23 56
60 13 42
61 99 8
62 78 21
63 18 0
64 96 74
65 3 12
66 3 16
67 22 0
68 81 34
69 14 25
70 1 59
71 85 31
72 14 74
73 96 16
74 7 4
75 55 15
76 20 14
77 64 71
78 93 84
79 17 34
80 78 76
81 69 69
82 19 84
83 38 0
84 60 31
85 97 40
86 21 44
87 31 29
88 9 97
89 56 40
90 53 20
91 31 4
92 62 20
93 33 93
94 50 29
95 23 69
96 65 99
97 50 64
98 67 36
99 53 65
100 63 59
