100
1 4 90
2 13 29
3 26 38
4 2 86
5 53 57
6 77 54
7 72 75
8 54 75
9 9 9
10 62 47
11 60 75
12 99 15
13 90 63
14 9 7
15 53 18
16 63 75
17 100 55
18 55 25
19 88 10
20 7 10
21 48 20
22 20 97
23 56 36
24 29 16
25 46 2
26 67 96
27 1 83
28 99 20
29 98 82
30 27 43
31 6 41
32 67 68
33 9 55
34 29 98
35 54 97
36 14 70
37 57 76
38 62 9
39 51 89
40 49 28
41 44 37
42 7 50
43 53 23
44 30 13
45 47 44
46 54 73
47 18 90
48 13 80
49 51 26
50 78 48
51 94 2
52 5 70
53 9 100
54 58 58
55 45 16
56 38 64
57 34 32
58 22 64
59 32 29
60 64 17
61 58 57
62 28 95
63 21 99
64 76 60
65 14 46
66 65 84
67 77 50
68 40 100
69 3 77
70 81 5
71 65 24
72 71 78
73 72 60
74 56 3
75 83 46
76 15 99
77 17 69
78 21 52
79 46 57
80 72 17
81 74 85
82 7 11
83 7 89
84 97 8
85 53 23
86 74 26
87 61 11
88 99 68
89 21 6
90 32 90
91 92 43
92 21 84
93 7 68
94 94 39
95 65 19
96 50 70
97 89 73
98 75 66
99 93 10
100 90 70
