100
1 61 82
2 20 94
3 38 18
4 37 45
5 48 91
6 4 46
7 79 60
8 38 24
9 29 14
10 35 73
11 67 70
12 32 97
13 35 98
14 30 7
15 0 1
16 74 68
17 78 45
18 2 26
19 39 28
20 91 42
21 20 82
22 77 21
23 63 24
24 85 20
25 60 72
26 67 90
27 46 95
28 9 58
29 64 13
30 9 100
31 28 10
32 32 82
33 98 0
34 7 68
35 26 1
36 97 58
37 12 33
38 14 51
39 61 54
40 44 31
41 31 11
42 1 69
43 46 61
44 5 6
45 2 18
46 47 95
47 34 34
48 83 29
49 62 21
50 94 1
51 66 73
52 95 83
53 92 89
54 22 46
55 61 13
56 68 63
57 100 2
58 13 78
59 60 97
60 73 4
61 60 31
62 28 23
63 41 37
64 74 43
65 40 45
66 12 5
67 71 68
68 12 47
69 43 43
70 41 5
71 41 58
72 68 89
73 58 79
74 0 98
75 39 43
76 27 46
77 99 96
78 7 80
79 47 5
80 21 33
81 8 91
82 7 6
83 67 67
84 56 24
85 65 27
86 71 1
87 8 61
88 84 47
89 25 20
90 8 53
91 7 7
92 39 64
93 91 64
94 67 3
95 48 16
96 52 88
97 58 2
98 10 59
99 29 57
100 0 21
