100
1 38 13
2 62 36
3 19 33
4 98 26
5 19 47
6 72 40
7 83 68
8 62 33
9 45 31
10 90 29
11 11 8
12 100 26
13 99 50
14 72 77
15 44 64
16 1 71
17 20 28
18 2 89
19 82 15
20 88 97
21 40 82
22 17 26
23 59 43
24 9 27
25 69 45
26 38 80
27 0 85
28 34 22
29 22 52
30 28 28
31 7 19
32 4 100
33 37 52
34 10 26
35 67 3
36 35 31
37 29 42
38 91 68
39 20 31
40 24 31
41 59 79
42 59 2
43 100 30
44 45 36
45 98 76
46 100 78
47 70 69
48 46 59
49 99 18
50 57 47
51 63 100
52 93 49
53 66 86
54 69 89
55 79 3
56 72 74
57 22 19
58 30 64
59 13 27
60 37 85
61 76 82
62 41 81
63 45 15
64 1 60
65 2 28
66 98 33
67 93 6
68 9 80
69 72 85
70 53 97
71 39 19
72 70 5
73 76 89
74 2 65
75 72 67
76 61 16
77 8 94
78 68 22
79 41 50
80 54 13
81 52 49
82 33 42
83 47 62
84 85 21
85 75 23
86 27 14
87 91 0
88 95 23
89 49 62
90 51 50
91 3 70
92 91 71
93 54 13
94 21 71
95 56 31
96 25 14
97 65 6
98 72 32
99 83 95
100 84 86
