100
1 11 54
2 6 68
3 43 9
4 98 50
5 98 79
6 70 85
7 66 82
8 31 8
9 73 34
10 92 22
11 63 77
12 85 48
13 71 42
14 100 13
15 34 38
16 79 15
17 78 61
18 16 88
19 98 65
20 57 12
21 97 7
22 53 48
23 6 29
24 2 36
25 34 39
26 61 90
27 26 69
28 54 0
29 10 68
30 23 12
31 24 57
32 73 82
33 91 75
34 44 25
35 89 67
36 60 63
37 96 9
38 50 80
39 25 47
40 78 21
41 24 6
42 60 80
43 72 73
44 81 45
45 19 90
46 89 9
47 2 48
48 35 41
49 15 2
50 3 11
51 73 82
52 72 37
53 40 38
54 20 94
55 1 70
56 48 83
57 71 4
58 98 7
59 82 61
60 24 84
61 85 69
62 83 35
63 16 74
64 17 37
65 52 16
66 21 6
67 5 84
68 51 99
69 41 90
70 98 79
71 47 98
72 5 68
73 44 12
74 38 18
75 14 33
76 94 3
77 84 39
78 43 1
79 49 5
80 49 20
81 46 18
82 85 91
83 9 49
84 73 92
85 69 40
86 63 98
87 10 81
88 46 78
89 8 24
90 96 37
91 59 17
92 19 17
93 90 98
94 52 12
95 79 47
96 66 37
97 91 24
98 13 10
99 86 35
100 18 94
