100
1 50 82
2 52 8
3 30 83
4 86 45
5 88 84
6 79 4
7 51 70
8 12 28
9 12 33
10 74 10
11 3 4
12 74 69
13 54 96
14 55 69
15 60 54
16 73 69
17 86 87
18 69 42
19 51 30
20 72 82
21 61 58
22 19 34
23 44 53
24 79 0
25 83 97
26 47 66
27 2 44
28 53 60
29 46 42
30 87 13
31 14 84
32 81 90
33 75 16
34 54 18
35 54 82
36 70 22
37 15 26
38 97 69
39 44 53
40 62 65
41 97 26
42 94 20
43 99 18
44 48 28
45 92 100
46 26 0
47 34 6
48 100 54
49 45 85
50 29 68
51 26 33
52 98 13
53 54 30
54 47 15
55 58 40
56 28 34
57 64 35
58 86 50
59 84 96
60 40 39
61 85 82
62 32 63
63 96 3
64 78 79
65 15 68
66 37 30
67 25 55
68 80 54
69 29 63
70 16 4
71 93 68
72 63 39
73 58 20
74 82 5
75 73 0
76 80 88
77 90 38
78 14 25
79 10 19
80 74 72
81 60 85
82 68 13
83 92 6
84 70 73
85 8 31
86 36 19
87 80 49
88 77 65
89 67 98
90 52 4
91 36 67
92 49 84
93 75 5
94 59 88
95 81 72
96 85 7
97 10 13
98 37 40
99 80 13
100 82 71
