100
1 17 78
2 85 31
3 89 98
4 15 35
5 5 14
6 88 22
7 79 17
8 17 55
9 32 29
10 83 50
11 100 30
12 1 44
13 41 4
14 64 4
15 93 74
16 71 65
17 55 68
18 54 65
19 83 24
20 29 38
21 53 49
22 9 81
23 96 8
24 12 84
25 97 7
26 43 8
27 28 31
28 67 83
29 57 75
30 43 7
31 53 91
32 12 20
33 66 80
34 95 83
35 95 95
36 86 54
37 71 17
38 99 51
39 70 24
40 6 83
41 47 20
42 84 7
43 17 21
44 85 66
45 32 44
46 0 64
47 20 49
48 7 47
49 80 70
50 75 0
51 49 75
52 63 54
53 49 66
54 88 51
55 61 59
56 1 13
57 46 59
58 59 33
59 96 14
60 63 16
61 14 96
62 20 76
63 30 39
64 98 19
65 77 12
66 48 87
67 72 48
68 56 24
69 24 96
70 56 12
71 89 26
72 29 10
73 86 36
74 67 7
75 13 68
76 100 69
77 48 55
78 49 29
79 50 77
80 80 19
81 66 37
82 65 89
83 67 93
84 9 95
85 60 4
86 88 13
87 64 15
88 54 8
89 59 87
90 56 53
91 63 44
92 59 46
93 65 6
94 40 36
95 39 100
96 3 35
97 73 66
98 18 14
99 8 41
100 98 88
