100
1 77 63
2 52 70
3 10 33
4 70 5
5 13 39
6 89 75
7 33 89
8 97 9
9 62 97
10 82 1
11 29 86
12 32 95
13 60 82
14 25 16
15 79 14
16 79 66
17 46 78
18 65 2
19 55 73
20 76 24
21 79 79
22 51 16
23 87 85
24 82 22
25 48 17
26 43 59
27 0 8
28 95 26
29 69 97
30 84 66
31 44 30
32 81 24
33 81 77
34 10 59
35 53 36
36 20 9
37 54 59
38 18 95
39 97 30
40 20 89
41 31 2
42 30 96
43 72 31
44 77 24
45 49 42
46 0 63
47 75 75
48 15 57
49 90 13
50 67 48
51 60 12
52 3 93
53 0 95
54 39 33
55 58 73
56 53 27
57 20 89
58 34 28
59 41 40
60 80 72
61 71 70
62 62 5
63 70 81
64 4 41
65 60 3
66 85 42
67 81 43
68 84 91
69 90 48
70 51 3
71 97 0
72 99 99
73 16 47
74 62 7
75 11 83
76 31 54
77 75 68
78 72 11
79 81 55
80 64 19
81 60 33
82 29 100
83 42 4
84 9 18
85 31 86
86 97 4
87 78 94
88 3 70
89 66 31
90 42 89
91 63 52
92 55 86
93 5 10
94 84 57
95 35 74
96 31 11
97 13 15
98 62 14
99 86 9
100 91 30
