100
1 47 100
2 0 91
3 37 85
4 15 84
5 73 30
6 17 91
7 5 76
8 5 54
9 45 86
10 18 23
11 62 58
12 70 85
13 95 68
14 96 87
15 73 43
16 64 46
17 85 91
18 85 0
19 76 26
20 42 86
21 80 52
22 38 35
23 5 68
24 8 24
25 60 21
26 53 80
27 53 62
28 43 84
29 85 8
30 25 71
31 39 77
32 87 68
33 75 30
34 24 64
35 85 36
36 95 18
37 57 37
38 31 53
39 26 89
40 95 49
41 16 95
42 72 28
43 9 97
44 58 47
45 21 62
46 21 41
47 4 97
48 99 11
49 47 13
50 6 41
51 74 64
52 81 64
53 48 49
54 98 16
55 97 19
56 25 75
57 16 60
58 16 36
59 81 81
60 7 79
61 33 66
62 32 34
63 16 62
64 16 97
65 27 43
66 34 61
67 34 8
68 65 91
69 89 9
70 67 7
71 83 81
72 1 22
73 99 43
74 9 10
75 91 65
76 4 67
77 25 20
78 10 93
79 62 47
80 77 33
81 3 84
82 2 98
83 47 3
84 23 84
85 27 50
86 82 99
87 87 8
88 94 28
89 53 54
90 0 22
91 41 14
92 79 34
93 72 76
94 85 23
95 15 39
96 91 96
97 39 33
98 88 38
99 11 53
100 45 33
