100
1 47 46
2 66 53
3 38 70
4 45 45
5 60 26
6 26 17
7 10 29
8 37 51
9 79 75
10 77 73
11 72 76
12 42 22
13 30 69
14 35 82
15 15 51
16 15 18
17 81 65
18 65 66
19 55 65
20 61 18
21 49 61
22 64 57
23 93 69
24 39 65
25 87 54
26 5 83
27 16 78
28 47 57
29 47 17
30 68 46
31 29 96
32 36 23
33 78 78
34 9 82
35 56 72
36 77 53
37 25 22
38 15 21
39 35 50
40 29 63
41 36 34
42 15 90
43 2 52
44 24 56
45 56 53
46 80 33
47 60 48
48 83 80
49 14 70
50 49 13
51 92 20
52 62 10
53 92 57
54 5 76
55 4 66
56 27 86
57 17 45
58 15 78
59 23 71
60 3 53
61 53 28
62 98 2
63 95 4
64 94 51
65 62 82
66 59 8
67 57 53
68 17 96
69 3 76
70 80 47
71 96 73
72 87 33
73 68 89
74 8 23
75 60 72
76 14 88
77 79 98
78 16 75
79 1 75
80 19 54
81 56 44
82 8 84
83 72 17
84 88 27
85 11 71
86 44 79
87 65 80
88 18 60
89 64 65
90 26 68
91 23 51
92 96 27
93 83 71
94 97 85
95 58 22
96 68 81
97 38 87
98 94 21
99 5 99
100 59 81
