100
1 52 27
2 43 11
3 7 18
4 90 41
5 59 27
6 23 80
7 87 69
8 97 71
9 1 84
10 77 11
11 93 31
12 0 93
13 28 35
14 62 75
15 84 46
16 20 37
17 98 71
18 13 86
19 79 12
20 64 97
21 67 56
22 60 26
23 17 75
24 51 82
25 45 42
26 84 60
27 84 21
28 61 89
29 5 22
30 51 10
31 18 11
32 58 96
33 25 84
34 60 11
35 90 85
36 68 53
37 86 62
38 60 86
39 93 81
40 16 3
41 2 23
42 29 26
43 32 45
44 95 74
45 34 31
46 95 28
47 41 31
48 57 4
49 52 28
50 25 44
51 13 45
52 24 28
53 17 21
54 18 82
55 40 14
56 29 79
57 14 89
58 69 44
59 55 85
60 100 61
61 20 90
62 54 37
63 5 93
64 94 12
65 8 24
66 51 22
67 88 75
68 5 73
69 52 28
70 51 39
71 56 68
72 82 42
73 89 6
74 79 1
75 80 82
76 11 100
77 68 98
78 25 81
79 44 73
80 18 35
81 10 83
82 69 44
83 27 26
84 60 59
85 95 53
86 87 90
87 77 20
88 73 90
89 14 52
90 50 50
91 63 29
92 38 84
93 95 23
94 2 11
95 1 1
96 40 87
97 71 23
98 8 37
99 32 46
100 29 14
