100
1 88 75
2 90 13
3 58 97
4 51 43
5 30 30
6 50 59
7 32 26
8 71 95
9 75 48
10 59 6
11 64 49
12 78 24
13 50 94
14 56 56
15 60 100
16 90 32
17 44 35
18 27 58
19 68 86
20 70 88
21 2 29
22 19 53
23 31 89
24 32 54
25 83 76
26 21 18
27 17 42
28 94 71
29 38 1
30 39 77
31 6 31
32 80 2
33 59 60
34 27 13
35 73 99
36 83 48
37 9 74
38 6 58
39 2 40
40 60 65
41 86 71
42 70 24
43 88 82
44 15 7
45 18 23
46 53 56
47 4 86
48 75 58
49 73 3
50 49 34
51 85 52
52 6 10
53 33 92
54 46 100
55 43 59
56 28 8
57 13 66
58 46 17
59 74 19
60 31 72
61 6 3
62 11 51
63 61 83
64 88 93
65 38 2
66 42 54
67 41 72
68 75 28
69 61 27
70 85 12
71 18 50
72 31 32
73 95 86
74 45 40
75 79 93
76 71 88
77 43 22
78 59 37
79 41 42
80 13 8
81 53 57
82 78 65
83 99 12
84 96 14
85 100 84
86 72 94
87 1 86
88 26 48
89 31 90
90 99 32
91 71 7
92 30 11
93 57 2
94 68 38
95 72 93
96 63 10
97 43 31
98 78 28
99 41 65
100 88 5
