100
1 47 60
2 78 35
3 29 40
4 1 6
5 56 91
6 32 69
7 67 67
8 32 97
9 73 74
10 81 28
11 66 0
12 35 82
13 31 84
14 48 96
15 84 36
16 66 95
17 1 32
18 16 52
19 20 18
20 60 12
21 6 95
22 50 22
23 23 44
24 70 76
25 32 53
26 90 32
27 12 32
28 70 78
29 62 16
30 40 60
31 48 53
32 22 98
33 9 86
34 45 38
35 54 92
36 91 90
37 94 85
38 99 37
39 70 41
40 56 73
41 45 58
42 59 81
43 24 75
44 94 20
45 24 31
46 40 8
47 78 11
48 79 98
49 82 76
50 66 5
51 44 27
52 24 24
53 60 48
54 78 100
55 39 39
56 54 26
57 96 35
58 80 36
59 33 55
60 76 60
61 66 92
62 56 98
63 9 11
64 26 73
65 4 77
66 36 93
67 46 71
68 38 56
69 100 74
70 21 55
71 43 70
72 85 54
73 48 51
74 52 46
75 88 54
76 55 60
77 0 19
78 60 67
79 17 11
80 60 95
81 11 33
82 72 9
83 32 67
84 66 74
85 18 0
86 84 73
87 66 44
88 47 54
89 100 56
90 95 20
91 93 22
92 36 56
93 7 59
94 54 31
95 14 24
96 72 82
97 25 21
98 55 60
99 57 24
100 22 2
