100
0 83 61
1 47 79
2 84 21
3 7 36
4 17 54
5 18 42
6 70 16
7 73 13
8 73 8
9 71 16
10 56 85
11 83 90
12 73 73
13 76 18
14 4 85
15 59 75
16 3 25
17 38 96
18 58 94
19 27 0
20 81 95
21 75 9
22 87 72
23 5 21
24 32 33
25 14 9
26 90 86
27 80 70
28 64 68
29 85 62
30 11 3
31 44 8
32 88 37
33 84 84
34 83 95
35 51 63
36 68 64
37 73 60
38 83 71
39 96 17
40 21 92
41 1 49
42 96 10
43 1 77
44 85 27
45 43 19
46 21 83
47 76 35
48 68 78
49 62 80
50 67 88
51 31 54
52 61 18
53 49 94
54 1 66
55 99 54
56 86 60
57 18 49
58 12 50
59 35 5
60 47 98
61 71 86
62 28 74
63 43 100
64 88 99
65 51 85
66 58 30
67 94 46
68 98 50
69 16 61
70 61 41
71 91 36
72 30 97
73 22 64
74 18 79
75 32 53
76 55 19
77 17 96
78 34 63
79 1 12
80 81 86
81 86 41
82 92 57
83 11 16
84 66 96
85 77 11
86 93 98
87 70 82
88 34 30
89 48 23
90 38 48
91 24 57
92 20 61
93 71 0
94 60 37
95 79 8
96 8 86
97 48 99
98 58 33
99 73 45
