100
1 34 79
2 95 48
3 6 20
4 15 50
5 18 23
6 88 35
7 89 99
8 19 79
9 81 28
10 80 66
11 82 7
12 88 41
13 61 30
14 10 6
15 59 56
16 63 72
17 62 1
18 13 57
19 2 93
20 44 70
21 30 83
22 81 83
23 98 10
24 92 65
25 9 4
26 83 51
27 71 84
28 33 77
29 34 30
30 24 62
31 60 19
32 92 48
33 24 12
34 55 78
35 97 25
36 80 37
37 14 17
38 93 82
39 30 7
40 51 80
41 59 23
42 60 51
43 18 54
44 7 69
45 67 50
46 34 90
47 26 18
48 19 63
49 75 18
50 79 29
51 97 30
52 90 13
53 22 9
54 24 54
55 82 52
56 2 25
57 58 53
58 6 32
59 76 92
60 5 71
61 89 95
62 22 2
63 95 46
64 35 79
65 45 89
66 40 60
67 78 34
68 30 59
69 44 11
70 53 40
71 14 25
72 53 51
73 79 15
74 28 86
75 77 26
76 88 30
77 9 65
78 43 63
79 82 28
80 26 29
81 75 51
82 3 3
83 91 43
84 54 74
85 35 1
86 87 74
87 87 25
88 72 30
89 62 9
90 18 73
91 89 34
92 57 54
93 35 49
94 20 31
95 62 96
96 86 65
97 78 41
98 28 82
99 73 73
100 15 72
