100
1 47 28
2 69 45
3 16 4
4 26 69
5 8 92
6 16 34
7 69 92
8 97 94
9 17 51
10 39 60
11 37 48
12 77 65
13 7 75
14 97 82
15 58 61
16 42 47
17 48 61
18 14 75
19 22 6
20 85 21
21 18 69
22 9 46
23 59 8
24 33 74
25 25 31
26 59 18
27 89 7
28 36 28
29 21 18
30 3 16
31 47 75
32 53 8
33 36 51
34 13 26
35 10 15
36 59 59
37 58 81
38 90 26
39 38 2
40 56 53
41 1 40
42 96 92
43 92 4
44 100 11
45 25 47
46 21 24
47 73 34
48 36 37
49 57 20
50 69 80
51 11 3
52 71 33
53 88 26
54 40 56
55 28 66
56 89 98
57 95 59
58 5 73
59 48 32
60 100 5
61 1 44
62 70 54
63 1 20
64 16 41
65 36 75
66 4 66
67 52 24
68 45 98
69 97 54
70 22 65
71 70 53
72 91 65
73 27 23
74 31 98
75 76 32
76 75 99
77 49 63
78 43 84
79 31 37
80 10 77
81 67 82
82 3 22
83 22 65
84 44 92
85 46 90
86 6 82
87 53 100
88 80 31
89 4 31
90 80 71
91 17 28
92 27 47
93 21 14
94 87 56
95 60 67
96 5 62
97 44 9
98 71 67
99 17 5
100 43 99
