100
1 75 89
2 1 0
3 92 31
4 94 12
5 0 10
6 18 32
7 24 41
8 28 1
9 8 94
10 88 18
11 87 74
12 41 25
13 22 66
14 46 19
15 46 61
16 10 71
17 51 66
18 39 72
19 1 31
20 23 44
21 45 78
22 87 16
23 0 60
24 93 39
25 18 71
26 87 9
27 33 31
28 44 45
29 12 4
30 68 24
31 3 26
32 73 74
33 10 98
34 91 94
35 35 25
36 18 40
37 80 73
38 63 40
39 1 76
40 55 39
41 46 73
42 0 65
43 25 11
44 19 75
45 81 92
46 41 55
47 67 99
48 2 12
49 55 64
50 100 26
51 59 32
52 99 52
53 70 31
54 70 43
55 23 92
56 97 66
57 23 90
58 34 82
59 6 75
60 20 57
61 42 18
62 95 36
63 22 68
64 9 73
65 36 59
66 36 14
67 24 13
68 79 22
69 92 86
70 92 74
71 48 63
72 94 14
73 50 35
74 84 52
75 28 37
76 77 3
77 94 8
78 59 77
79 56 19
80 88 24
81 42 8
82 85 2
83 58 68
84 5 96
85 3 93
86 32 46
87 90 97
88 55 12
89 18 4
90 42 19
91 50 96
92 75 55
93 52 84
94 72 73
95 60 1
96 22 43
97 87 77
98 67 35
99 48 36
100 34 57
