100
1 16 96
2 95 67
3 5 91
4 13 49
5 23 78
6 31 74
7 35 13
8 95 13
9 69 14
10 5 88
11 77 15
12 85 87
13 61 71
14 79 22
15 28 5
16 37 21
17 5 62
18 1 7
19 4 78
20 4 59
21 26 7
22 93 4
23 49 57
24 39 64
25 64 86
26 28 53
27 70 2
28 17 84
29 23 34
30 82 100
31 11 75
32 27 23
33 86 12
34 1 35
35 87 13
36 22 34
37 74 94
38 16 74
39 68 52
40 58 5
41 52 72
42 63 97
43 63 74
44 31 2
45 54 95
46 38 74
47 63 47
48 25 54
49 21 93
50 51 34
51 63 43
52 16 55
53 79 0
54 79 71
55 9 53
56 92 74
57 56 45
58 41 15
59 11 21
60 17 3
61 34 43
62 98 71
63 14 4
64 74 58
65 10 55
66 52 80
67 99 64
68 55 27
69 79 45
70 0 56
71 73 75
72 10 75
73 27 79
74 86 91
75 48 86
76 46 99
77 36 45
78 0 47
79 74 47
80 21 43
81 78 83
82 21 73
83 35 3
84 43 46
85 90 27
86 97 50
87 46 10
88 88 75
89 14 55
90 87 22
91 85 29
92 30 0
93 53 64
94 88 51
95 27 74
96 25 9
97 45 42
98 92 48
99 95 43
100 65 24
