100
1 90 23
2 31 69
3 12 93
4 2 73
5 0 100
6 14 12
7 15 44
8 31 32
9 0 97
10 48 0
11 19 65
12 21 55
13 64 30
14 28 65
15 20 52
16 58 38
17 79 49
18 81 55
19 77 100
20 67 32
21 2 52
22 92 4
23 53 75
24 63 7
25 84 86
26 14 85
27 84 19
28 30 58
29 11 58
30 71 33
31 44 88
32 57 69
33 27 16
34 76 92
35 70 78
36 2 66
37 91 76
38 75 96
39 71 60
40 17 99
41 69 74
42 64 51
43 87 1
44 15 68
45 39 3
46 61 57
47 68 47
48 62 55
49 43 53
50 49 19
51 56 56
52 68 98
53 76 28
54 75 27
55 64 78
56 100 26
57 46 77
58 26 95
59 25 79
60 82 84
61 39 85
62 63 97
63 46 62
64 100 45
65 20 79
66 94 57
67 49 98
68 20 71
69 10 64
70 56 12
71 24 53
72 84 16
73 0 28
74 73 30
75 59 67
76 55 16
77 36 14
78 41 77
79 84 48
80 18 48
81 78 74
82 82 32
83 71 43
84 53 60
85 95 93
86 52 60
87 15 99
88 24 40
89 9 26
90 4 31
91 0 30
92 4 44
93 13 56
94 62 72
95 0 68
96 79 49
97 84 60
98 86 9
99 77 75
100 78 91
