100
1 15 72
2 48 5
3 68 27
4 41 66
5 90 3
6 32 81
7 23 5
8 44 12
9 71 19
10 100 21
11 21 0
12 28 87
13 89 81
14 65 84
15 12 58
16 30 58
17 92 71
18 95 97
19 85 25
20 53 22
21 22 82
22 18 94
23 70 99
24 25 97
25 13 43
26 93 30
27 46 71
28 35 10
29 60 30
30 1 47
31 9 86
32 11 41
33 8 36
34 84 92
35 89 83
36 97 5
37 14 22
38 8 7
39 7 47
40 56 1
41 79 73
42 38 67
43 64 93
44 3 84
45 45 9
46 70 69
47 84 12
48 86 60
49 90 36
50 49 17
51 72 15
52 30 10
53 50 8
54 9 3
55 81 84
56 68 60
57 100 69
58 93 64
59 34 84
60 4 80
61 6 17
62 88 71
63 7 95
64 85 57
65 20 47
66 54 42
67 25 69
68 12 80
69 40 19
70 55 79
71 10 15
72 52 50
73 30 1
74 30 49
75 95 15
76 42 13
77 3 92
78 26 21
79 60 48
80 96 6
81 49 30
82 13 43
83 15 82
84 42 76
85 81 49
86 72 5
87 8 37
88 68 41
89 62 83
90 52 3
91 64 78
92 52 6
93 3 59
94 4 33
95 51 10
96 12 87
97 92 83
98 41 8
99 71 8
100 20 6
