100
1 1 15
2 28 40
3 82 78
4 63 75
5 8 39
6 77 9
7 15 37
8 87 44
9 76 7
10 100 40
11 96 10
12 49 79
13 4 89
14 13 60
15 85 42
16 56 66
17 49 78
18 41 91
19 92 71
20 72 43
21 40 27
22 26 79
23 10 97
24 15 64
25 2 47
26 83 40
27 70 83
28 42 67
29 16 47
30 53 16
31 28 16
32 21 77
33 46 60
34 64 39
35 92 48
36 30 56
37 44 73
38 83 43
39 85 52
40 89 10
41 82 66
42 4 80
43 24 62
44 42 46
45 0 22
46 43 3
47 99 75
48 8 59
49 55 95
50 29 25
51 95 57
52 27 89
53 81 22
54 31 57
55 77 77
56 38 35
57 47 24
58 73 79
59 43 69
60 46 46
61 15 74
62 82 17
63 47 59
64 23 72
65 26 53
66 89 25
67 95 41
68 22 91
69 32 99
70 18 48
71 12 78
72 29 10
73 84 20
74 81 37
75 80 98
76 11 1
77 74 70
78 80 17
79 94 0
80 13 53
81 28 77
82 57 100
83 28 46
84 79 8
85 63 47
86 39 89
87 56 28
88 77 46
89 97 3
90 68 40
91 82 41
92 19 94
93 86 38
94 9 69
95 4 40
96 68 11
97 10 55
98 1 7
99 63 25
100 39 73
